0.2419
0.2714
0.2643
0.2599
0.2714
0.2919
0.3107
0.3135
0.3066
0.3154
0.2459
0.2055
0.2719
0.2675
0.2975
0.2769
0.2772
0.2635
0.2472
0.276
0.2478
0.2468
0.2426
0.2336
0.2763
0.2725
0.237
0.2127
0.2026
0.2167
0.2421
0.2422
0.2462
0.2468
0.2124
0.2727
0.2709
0.2717
0.2761
0.2878
0.2847
0.2939
0.289
0.2684
0.3059
0.2839
0.2773
0.2161
0.2138
0.1642
0.1823
0.1908
0.1818
0.1879
0.2001
0.259
0.2512
0.3011
0.3079
0.2914
0.3087
0.301
0.3089
0.325
0.3247
0.3257
0.3224
0.3
0.3246
0.3242
0.3202
0.2987
0.3065
0.2887
0.2419
0.2014
0.1935
0.1833
0.1833
0.1853
0.266
0.275
0.2917
0.2916
0.2835
0.2836
0.2786
0.3041
0.3207
0.3085
0.3033
0.3133
0.3006
0.3155
0.3132
0.3151
0.3159
0.3066
0.3228
0.3141
0.3155
0.3206
0.188
0.1889
0.2884
0.2915
0.2923
0.2876
0.2845
0.2827
0.2682
0.2809
0.2747
0.2842
0.2921
0.2848
0.2917
0.2834
0.3082
0.3088
0.2921
0.3006
0.308
0.3006
0.3006
0.2955
0.3044
0.299
0.3151
0.3063
0.3007
0.293
0.306
0.3107
0.2925
0.3029
0.3073
0.3147
0.3066
0.3155
0.2919
0.3209
0.3048
0.2392
0.1964
0.2141
0.2295
0.1675
0.2
0.2548
0.2748
0.2627
0.263
0.2636
0.2923
0.2876
0.3006
0.3211
0.3297
0.291
0.3324
0.3192
0.3306
0.347
0.3477
0.3196
0.3091
0.3091
0.3198
0.3252
0.3204
0.2917
0.3254
0.3202
0.3115
0.1795
0.1795
0.1693
0.1732
0.1693
0.2385
0.2556
0.2757
0.2916
0.2957
0.2951
0.3035
0.3111
0.2952
0.2925
0.3038
0.3031
0.3029
0.3006
0.2961
0.2988
0.3209
0.3165
0.3205
0.3252
0.2923
0.303
0.2843
0.2833
0.2916
0.3006
0.2832
0.291
0.3083
0.2923
0.3202
0.3202
0.3148
0.3224
0.3234
0.3278
0.3248
0.3278
0.3274
0.3278
0.3144
0.3122
0.3364
0.3252
0.3202
0.3151
0.3202
0.3232
0.3192
0.3192
0.3314
0.3205
0.2974
0.2341
0.267
0.2925
0.2921
0.3006
0.291
0.3115
0.3148
0.3245
0.309
0.3202
0.3148
0.3196
0.3161
0.3284
0.3276
0.3116
0.3159
0.3197
0.3209
0.3144
0.3141
0.3337
0.3192
0.3192
0.3112
0.3337
0.3159
0.3117
0.2083
0.2214
0.2265
0.2547
0.2635
0.2868
0.288
0.2955
0.3202
0.3115
0.312
0.2991
0.2827
0.2949
0.1838
0.1952
0.2122
0.2305
0.2672
0.2916
0.288
0.3252
0.3167
0.3091
0.3167
0.3151
0.3155
0.3065
0.3202
0.3151
0.2991
0.312
0.2916
0.3252
0.3198
0.3151
0.3198
0.3087
0.3337
0.3293
0.3129
0.3051
0.3202
0.3006
0.3039
0.3074
0.3247
0.3245
0.3117
0.3198
0.2908
0.291
0.2591
0.2298
0.1743
0.1963
0.1685
0.2016
0.2346
0.259
0.272
0.2916
0.2923
0.3093
0.3039
0.3167
0.3256
0.3118
0.3006
0.3115
0.2987
0.3148
0.305
0.3036
0.3198
0.3078
0.316
0.3086
0.3211
0.3133
0.31
0.3142
0.3037
0.3006
0.3114
0.2455
0.1797
0.1849
0.1787
0.1726
0.1841
0.1849
0.1937
0.1912
0.1927
0.1849
0.2119
0.2119
0.1873
0.2004
0.1834
0.196
0.2038
0.1876
0.2117
0.2422
0.2557
0.2115
0.1843
0.1779
0.1773
0.1905
0.2282
0.2473
0.2161
0.2137
0.2421
0.2719
0.2724
0.2382
0.1792
0.2138
0.1994
0.1866
0.1916
0.1862
0.213
0.2031
0.2455
0.2891
0.2879
0.2883
0.2774
0.2797
0.2883
0.2883
0.2884
0.2971
0.2727
0.2675
0.2382
0.1872
0.1673
0.1703
0.1817
