0.3189
0.3494
0.3444
0.3376
0.3677
0.3341
0.3779
0.3861
0.3864
0.3845
0.3862
0.3795
0.3871
0.3976
0.3912
0.3909
0.3857
0.3857
0.3804
0.3859
0.3798
0.3789
0.3789
0.3792
0.3859
0.3804
0.3875
0.3871
0.393
0.3443
0.3443
0.3073
0.3153
0.3368
0.3368
0.341
0.3459
0.3522
0.3607
0.3607
0.3702
0.3677
0.3833
0.3761
0.3752
0.3699
0.364
0.3838
0.3614
0.3614
0.356
0.3752
0.3505
0.3643
0.3724
0.3868
0.3841
0.3928
0.3789
0.3739
0.3722
0.3663
0.357
0.369
0.3581
0.3584
0.3636
0.3614
0.359
0.371
0.3647
0.3789
0.3903
0.3928
0.3655
0.3756
0.368
0.3643
0.3578
0.3636
0.3785
0.3578
0.3643
0.3758
0.3642
0.3699
0.3782
0.3788
0.3859
0.3708
0.3655
0.3765
0.3655
0.3753
0.3655
0.3798
0.2809
0.1733
0.1933
0.3371
0.3383
0.3398
0.3683
0.3492
0.3696
0.3646
0.3585
0.3655
0.358
0.364
0.3581
0.3544
0.3687
0.3761
0.3523
0.3426
0.3696
0.3544
0.3616
0.3601
0.3605
0.3627
0.3598
0.368
0.3761
0.3623
0.364
0.3676
0.3686
0.3636
0.3687
0.3533
0.3629
0.3705
0.353
0.3646
0.3648
0.3646
0.3714
0.2701
0.179
0.2544
0.3322
0.3487
0.3687
0.3614
0.3557
0.3687
0.3687
0.3622
0.3564
0.3636
0.3629
0.3552
0.3649
0.3771
0.3634
0.3632
0.3695
0.3699
0.3863
0.3701
0.3701
0.3689
0.3696
