0.3139
0.313
0.3148
0.3256
0.3191
0.326
0.3252
0.326
0.3364
0.3379
0.3522
0.3415
0.3385
0.3514
0.3515
0.3288
0.3296
0.3377
0.3607
0.3607
0.3717
0.35
0.3256
0.3046
0.2856
0.3215
0.3215
0.3148
0.3367
0.3483
0.3268
0.3301
0.3166
0.3257
0.3248
0.3256
0.3256
0.3483
0.3273
0.3256
0.2687
0.1822
0.3035
0.3174
0.3146
0.3256
0.3174
0.306
0.3379
0.36
0.3687
0.3607
0.3251
0.3493
0.3448
0.3409
0.3483
0.36
0.3284
0.3333
0.3296
0.3256
0.3148
0.3001
0.3273
0.3448
0.3259
0.3259
0.3174
0.3256
0.3289
0.3251
0.3339
0.3256
0.3251
0.3368
0.1676
0.182
0.182
0.3102
0.3256
0.345
0.3256
0.3256
0.3373
0.3381
0.3373
0.3264
0.3258
0.3394
0.3265
0.3256
0.3256
0.3256
0.3265
0.3368
0.3373
0.3251
0.3251
0.3183
0.3148
0.3215
0.3483
0.3256
0.3256
0.3412
0.3448
0.3457
0.3457
0.3264
0.312
0.3251
0.319
0.3381
0.3441
0.3687
0.3486
0.3373
0.36
0.3373
0.3505
0.352
0.3599
0.3519
0.3399
0.3393
0.3519
0.3607
0.3483
0.3404
0.2672
0.2034
0.2066
0.2034
0.3027
0.2786
0.3139
0.3139
0.3215
0.3026
0.3256
0.3143
0.3265
0.3139
0.3139
0.3483
0.345
0.3361
0.334
0.3361
0.3331
0.3369
0.3256
0.3256
0.3373
0.3256
0.3373
0.3256
0.3369
0.3256
0.3368
0.3369
0.3473
0.3376
0.347
0.3368
0.3724
0.3368
0.3373
0.3494
0.3597
0.3376
0.3373
0.3397
0.3334
0.3373
0.3256
0.3368
0.3182
0.3373
0.3373
0.3473
0.3588
0.3339
0.3717
0.1862
0.2155
0.2446
0.3451
0.346
0.3256
0.3486
0.3486
0.3256
0.3128
0.3256
0.3256
0.3256
0.3203
0.346
0.346
0.3256
0.352
0.3293
0.3451
0.352
0.3592
0.36
0.3589
0.3486
0.3486
0.3488
0.3373
0.3486
0.3359
0.3362
0.3437
0.3448
0.3461
0.3359
0.3481
0.3473
0.3258
0.2349
0.2931
0.2919
0.3256
0.3256
0.3139
0.3561
0.3319
0.3256
0.3337
0.3339
0.3337
0.3258
0.3258
0.3374
0.3373
0.3359
0.3373
0.3486
0.3486
0.3366
0.3394
0.3459
0.3493
0.3475
0.3369
0.3337
0.3258
0.3462
0.3256
0.3256
0.3256
0.36
0.36
0.36
0.349
