0.3113
0.3184
0.3337
0.3486
0.3496
0.3363
0.3138
0.3107
0.3258
0.3256
0.336
0.3426
0.3373
0.3462
0.3379
0.337
0.337
0.3491
0.3381
0.3372
0.3258
0.3256
0.3264
0.3363
0.3293
0.3458
0.3483
0.3373
0.3483
0.3256
0.3492
0.3257
0.3441
0.3527
0.4082
0.3573
0.3698
0.3618
0.35
0.3587
0.3371
0.3447
0.3328
0.3298
0.3185
0.3291
0.3472
0.357
0.3262
0.3216
0.3219
0.3256
0.3219
0.3335
0.3555
0.3377
0.3252
0.3193
0.3177
0.3082
0.3257
0.3054
0.2834
0.2852
0.2927
0.3067
0.3185
0.2839
0.3021
0.3155
0.303
0.2904
0.2789
0.2784
0.2743
0.2922
0.3026
0.2739
0.2949
0.3179
0.2952
0.3135
0.2871
0.2931
0.2847
