0.3181
0.3078
0.3377
0.3188
0.3164
0.327
0.3102
0.329
0.3078
0.3292
0.3219
0.3166
0.3299
0.3168
0.3037
0.2754
0.2311
0.199
0.1975
0.2343
0.2598
0.2855
0.2887
0.3035
0.3001
0.3104
0.3136
0.3121
0.3078
0.3043
0.3292
0.327
0.3459
0.3267
0.3147
0.327
0.3292
0.2999
0.3336
0.3292
0.3226
0.3466
0.3414
0.3142
0.3289
0.3292
0.3121
0.304
0.3001
0.3253
0.3028
0.3228
0.3236
0.3206
0.3186
0.2855
0.2208
0.1857
0.2085
0.2667
0.2671
0.2726
0.3078
0.325
0.3081
0.327
0.3331
0.328
0.3015
0.2966
0.2878
0.3012
0.2852
0.2999
0.3086
0.3007
0.2886
0.3144
0.279
0.2797
0.2726
0.2943
0.2848
0.2866
0.3018
0.2855
0.3091
0.2917
0.2574
0.2821
0.2903
0.3012
0.2828
0.2823
0.2919
0.3055
0.2889
0.2759
0.2756
